SYM_DAY,DATE,NEW_1,NEW_2,NEW_3,NEW_4,NEW_5,NEW_6,TOTAL_1,TOTAL_2,TOTAL_3,TOTAL_4,TOTAL_5,TOTAL_6
0,2020-02-21,0,0,0,0,0,0,0,0,0,0,0,0
1,2020-02-22,0,0,0,0,0,0,0,0,0,0,0,0
2,2020-02-23,0,0,0,0,0,0,0,0,0,0,0,0
3,2020-02-24,0,0,0,0,0,0,0,0,0,0,0,0
4,2020-02-25,0,0,0,0,0,0,0,0,0,0,0,0
5,2020-02-26,0,0,0,0,0,0,0,0,0,0,0,0
6,2020-02-27,0,0,1,0,0,0,0,0,1,0,0,0
7,2020-02-28,0,0,1,0,1,0,0,0,2,0,1,0
8,2020-02-29,1,1,0,0,0,0,1,1,2,0,1,0
9,2020-03-01,1,0,3,0,1,0,2,1,5,0,2,0
10,2020-03-02,2,1,0,0,1,0,4,2,5,0,3,0
11,2020-03-03,1,1,0,0,0,0,5,3,5,0,3,0
12,2020-03-04,0,1,1,0,1,0,5,4,6,0,4,0
13,2020-03-05,0,2,5,0,1,0,5,6,11,0,5,0
14,2020-03-06,5,4,6,0,0,0,10,10,17,0,5,0
15,2020-03-07,0,1,10,1,3,0,10,11,27,1,8,0
16,2020-03-08,0,4,6,0,1,0,10,15,33,1,9,0
17,2020-03-09,2,6,6,1,7,0,12,21,39,2,16,0
18,2020-03-10,2,17,13,0,6,0,14,38,52,2,22,0
19,2020-03-11,3,6,22,1,2,0,17,44,74,3,24,0
20,2020-03-12,5,6,23,3,12,0,22,50,97,6,36,0
21,2020-03-13,7,19,28,2,10,0,29,69,125,8,46,0
22,2020-03-14,13,25,40,5,14,0,42,94,165,13,60,0
23,2020-03-15,20,23,58,8,24,0,62,117,223,21,84,0
24,2020-03-16,17,27,70,2,21,0,79,144,293,23,105,0
25,2020-03-17,14,19,62,5,21,1,93,163,355,28,126,1
26,2020-03-18,14,35,59,4,25,1,107,198,414,32,151,2
27,2020-03-19,13,26,92,5,24,1,120,224,506,37,175,3
28,2020-03-20,23,28,94,7,43,1,143,252,600,44,218,4
29,2020-03-21,22,19,85,3,30,0,165,271,685,47,248,4
30,2020-03-22,23,25,65,11,23,0,188,296,750,58,271,4
31,2020-03-23,10,25,70,3,38,1,198,321,820,61,309,5
32,2020-03-24,18,19,59,13,28,0,216,340,879,74,337,5
33,2020-03-25,14,21,78,9,39,0,230,361,957,83,376,5
34,2020-03-26,15,26,74,4,31,1,245,387,1031,87,407,6
35,2020-03-27,10,22,87,5,21,0,255,409,1118,92,428,6
36,2020-03-28,16,14,85,9,25,1,271,423,1203,101,453,7
37,2020-03-29,20,4,72,5,11,0,291,427,1275,106,464,7
38,2020-03-30,15,15,69,5,33,1,306,442,1344,111,497,8
39,2020-03-31,9,8,55,5,20,1,315,450,1399,116,517,9
40,2020-04-01,30,20,98,3,43,0,345,470,1497,119,560,9
41,2020-04-02,18,17,63,12,31,0,363,487,1560,131,591,9
42,2020-04-03,24,12,66,4,26,0,387,499,1626,135,617,9
43,2020-04-04,26,10,97,6,28,0,413,509,1723,141,645,9
44,2020-04-05,20,8,70,14,25,1,433,517,1793,155,670,10
45,2020-04-06,24,17,96,8,33,0,457,534,1889,163,703,10
46,2020-04-07,32,13,60,5,23,1,489,547,1949,168,726,11
47,2020-04-08,25,21,78,6,21,1,514,568,2027,174,747,12
48,2020-04-09,12,17,72,4,34,1,526,585,2099,178,781,13
49,2020-04-10,36,30,108,13,27,1,562,615,2207,191,808,14
50,2020-04-11,20,24,76,7,31,8,582,639,2283,198,839,22
51,2020-04-12,33,38,80,5,38,3,615,677,2363,203,877,25
52,2020-04-13,33,24,75,19,49,8,648,701,2438,222,926,33
53,2020-04-14,29,37,72,18,36,5,677,738,2510,240,962,38
54,2020-04-15,34,21,90,9,45,10,711,759,2600,249,1007,48
55,2020-04-16,36,16,125,24,30,3,747,775,2725,273,1037,51
56,2020-04-17,33,14,83,18,29,8,780,789,2808,291,1066,59
57,2020-04-18,44,29,114,6,55,10,824,818,2922,297,1121,69
58,2020-04-19,61,29,83,7,39,10,885,847,3005,304,1160,79
59,2020-04-20,72,28,124,11,80,43,957,875,3129,315,1240,122
60,2020-04-21,48,13,89,9,47,29,1005,888,3218,324,1287,151
61,2020-04-22,53,12,81,12,53,22,1058,900,3299,336,1340,173
62,2020-04-23,63,14,105,12,49,49,1121,914,3404,348,1389,222
63,2020-04-24,75,16,94,8,55,42,1196,930,3498,356,1444,264
64,2020-04-25,89,13,104,6,62,53,1285,943,3602,362,1506,317
65,2020-04-26,117,7,130,2,60,44,1402,950,3732,364,1566,361
66,2020-04-27,99,26,105,6,75,52,1501,976,3837,370,1641,413
67,2020-04-28,146,9,147,3,74,41,1647,985,3984,373,1715,454
68,2020-04-29,130,16,119,2,54,38,1777,1001,4103,375,1769,492
69,2020-04-30,194,15,122,2,82,54,1971,1016,4225,377,1851,546
70,2020-05-01,239,23,221,16,133,63,2210,1039,4446,393,1984,609
71,2020-05-02,223,38,160,5,95,50,2433,1077,4606,398,2079,659
72,2020-05-03,205,12,156,8,97,39,2638,1089,4762,406,2176,698
73,2020-05-04,279,19,164,4,110,80,2917,1108,4926,410,2286,778
74,2020-05-05,294,22,209,10,134,100,3211,1130,5135,420,2420,878
75,2020-05-06,303,13,243,7,115,95,3514,1143,5378,427,2535,973
76,2020-05-07,275,25,176,7,128,58,3789,1168,5554,434,2663,1031
77,2020-05-08,286,32,241,9,120,29,4075,1200,5795,443,2783,1060
78,2020-05-09,287,30,245,2,150,21,4362,1230,6040,445,2933,1081
79,2020-05-10,323,25,374,10,158,149,4685,1255,6414,455,3091,1230
80,2020-05-11,292,35,320,7,124,16,4977,1290,6734,462,3215,1246
81,2020-05-12,366,25,303,12,150,44,5343,1315,7037,474,3365,1290
82,2020-05-13,299,30,317,7,215,92,5642,1345,7354,481,3580,1382
83,2020-05-14,327,41,306,7,210,44,5969,1386,7660,488,3790,1426
84,2020-05-15,418,43,337,7,220,82,6387,1429,7997,495,4010,1508
85,2020-05-16,475,31,327,6,202,27,6862,1460,8324,501,4212,1535
86,2020-05-17,501,29,327,7,259,14,7363,1489,8651,508,4471,1549
87,2020-05-18,522,52,454,5,234,30,7885,1541,9105,513,4705,1579
88,2020-05-19,510,65,442,5,208,18,8395,1606,9547,518,4913,1597
89,2020-05-20,608,78,550,12,297,28,9003,1684,10097,530,5210,1625
90,2020-05-21,610,39,379,6,199,65,9613,1723,10476,536,5409,1690
91,2020-05-22,470,110,463,11,248,115,10083,1833,10939,547,5657,1805
92,2020-05-23,464,50,446,18,219,11,10547,1883,11385,565,5876,1816
93,2020-05-24,401,55,394,22,321,8,10948,1938,11779,587,6197,1824
94,2020-05-25,592,75,490,12,262,43,11540,2013,12269,599,6459,1867
95,2020-05-26,633,72,386,13,243,20,12173,2085,12655,612,6702,1887
96,2020-05-27,569,48,471,8,293,36,12742,2133,13126,620,6995,1923
97,2020-05-28,648,112,446,7,331,13,13390,2245,13572,627,7326,1936
98,2020-05-29,637,123,448,16,305,24,14027,2368,14020,643,7631,1960
99,2020-05-30,718,69,439,12,307,9,14745,2437,14459,655,7938,1969
100,2020-05-31,576,66,422,12,233,9,15321,2503,14881,667,8171,1978
101,2020-06-01,1063,140,727,29,538,31,16384,2643,15608,696,8709,2009
102,2020-06-02,835,102,565,15,275,16,17219,2745,16173,711,8984,2025
103,2020-06-03,971,124,505,16,328,35,18190,2869,16678,727,9312,2060
104,2020-06-04,868,111,525,34,243,19,19058,2980,17203,761,9555,2079
105,2020-06-05,1226,97,588,22,442,25,20284,3077,17791,783,9997,2104
106,2020-06-06,1171,172,596,30,292,7,21455,3249,18387,813,10289,2111
107,2020-06-07,942,120,445,24,235,31,22397,3369,18832,837,10524,2142
108,2020-06-08,1348,131,649,44,473,20,23745,3500,19481,881,10997,2162
109,2020-06-09,1363,125,601,38,361,26,25108,3625,20082,919,11358,2188
110,2020-06-10,1707,157,836,41,458,31,26815,3782,20918,960,11816,2219
111,2020-06-11,1282,149,683,41,373,39,28097,3931,21601,1001,12189,2258
112,2020-06-12,1731,144,668,39,369,40,29828,4075,22269,1040,12558,2298
113,2020-06-13,1436,155,669,48,301,15,31264,4230,22938,1088,12859,2313
114,2020-06-14,1224,167,657,77,287,4,32488,4397,23595,1165,13146,2317
115,2020-06-15,1520,206,856,82,363,26,34008,4603,24451,1247,13509,2343
116,2020-06-16,1913,356,944,64,466,14,35921,4959,25395,1311,13975,2357
117,2020-06-17,1790,330,1087,64,414,12,37711,5289,26482,1375,14389,2369
118,2020-06-18,1895,356,1242,73,409,15,39606,5645,27724,1448,14798,2384
119,2020-06-19,2027,292,1231,87,465,9,41633,5937,28955,1535,15263,2393
120,2020-06-20,2199,314,1553,101,568,7,43832,6251,30508,1636,15831,2400
121,2020-06-21,1425,318,979,74,398,2,45257,6569,31487,1710,16229,2402
122,2020-06-22,1565,367,1021,96,584,11,46822,6936,32508,1806,16813,2413
123,2020-06-23,2126,502,1353,102,692,30,48948,7438,33861,1908,17505,2443
124,2020-06-24,1884,449,1287,95,608,24,50832,7887,35148,2003,18113,2467
125,2020-06-25,2340,451,1517,118,673,27,53172,8338,36665,2121,18786,2494
126,2020-06-26,2081,568,1797,148,733,30,55253,8906,38462,2269,19519,2524
127,2020-06-27,1684,449,1876,135,666,14,56937,9355,40338,2404,20185,2538
128,2020-06-28,1679,553,1502,143,651,19,58616,9908,41840,2547,20836,2557
129,2020-06-29,1465,681,1431,128,705,28,60081,10589,43271,2675,21541,2585
130,2020-06-30,2414,971,1804,171,855,21,62495,11560,45075,2846,22396,2606
131,2020-07-01,2827,1311,2437,228,1136,60,65322,12871,47512,3074,23532,2666
132,2020-07-02,2163,936,1940,226,841,48,67485,13807,49452,3300,24373,2714
133,2020-07-03,1937,1243,2220,199,863,66,69422,15050,51672,3499,25236,2780
134,2020-07-04,1811,1363,2087,239,766,47,71233,16413,53759,3738,26002,2827
135,2020-07-05,1778,1053,2042,282,865,37,73011,17466,55801,4020,26867,2864
136,2020-07-06,1844,1700,2362,363,1135,82,74855,19166,58163,4383,28002,2946
137,2020-07-07,1858,1422,2383,309,987,55,76713,20588,60546,4692,28989,3001
138,2020-07-08,1894,1665,2438,349,963,57,78607,22253,62984,5041,29952,3058
139,2020-07-09,1884,2030,2298,436,976,65,80491,24283,65282,5477,30928,3123
140,2020-07-10,2430,2012,3285,468,1136,88,82921,26295,68567,5945,32064,3211
141,2020-07-11,1489,1966,2233,386,891,53,84410,28261,70800,6331,32955,3264
142,2020-07-12,1233,1749,2466,442,853,80,85643,30010,73266,6773,33808,3344
143,2020-07-13,2137,2199,2816,609,1057,64,87780,32209,76082,7382,34865,3408
144,2020-07-14,1917,2278,2804,490,1076,67,89697,34487,78886,7872,35941,3475
145,2020-07-15,2421,1813,2647,580,1038,92,92118,36300,81533,8452,36979,3567
146,2020-07-16,1840,2523,2879,592,1074,89,93958,38823,84412,9044,38053,3656
147,2020-07-17,1707,2128,2964,568,1063,79,95665,40951,87376,9612,39116,3735
148,2020-07-18,1324,1736,3034,551,880,93,96989,42687,90410,10163,39996,3828
149,2020-07-19,1059,1667,2935,481,719,68,98048,44354,93345,10644,40715,3896
150,2020-07-20,1562,1659,3466,673,1010,60,99610,46013,96811,11317,41725,3956
151,2020-07-21,1468,2000,3310,620,1033,119,101078,48013,100121,11937,42758,4075
152,2020-07-22,1588,2309,3640,730,875,104,102666,50322,103761,12667,43633,4179
153,2020-07-23,1789,2677,3407,847,969,132,104455,52999,107168,13514,44602,4311
154,2020-07-24,3075,3528,3854,1237,1133,171,107530,56527,111022,14751,45735,4482
155,2020-07-25,2251,2594,3517,1038,1071,154,109781,59121,114539,15789,46806,4636
156,2020-07-26,1456,1804,2912,883,906,109,111237,60925,117451,16672,47712,4745
157,2020-07-27,2351,2255,4329,1163,1428,166,113588,63180,121780,17835,49140,4911
158,2020-07-28,2195,2091,3335,1010,1071,139,115783,65271,125115,18845,50211,5050
159,2020-07-29,2210,2015,3328,1056,1089,176,117993,67286,128443,19901,51300,5226
160,2020-07-30,1421,1745,3047,984,1038,106,119414,69031,131490,20885,52338,5332
161,2020-07-31,1950,2141,3060,1084,988,159,121364,71172,134550,21969,53326,5491
162,2020-08-01,1884,2242,4008,1250,1203,124,123248,73414,138558,23219,54529,5615
163,2020-08-02,1521,1633,2813,882,1005,143,124769,75047,141371,24101,55534,5758
164,2020-08-03,2148,2020,3421,1106,1027,89,126917,77067,144792,25207,56561,5847
165,2020-08-04,1593,1772,3310,1227,1127,117,128510,78839,148102,26434,57688,5964
166,2020-08-05,1447,1945,3647,1052,878,158,129957,80784,151749,27486,58566,6122
167,2020-08-06,1587,1997,3752,1207,842,118,131544,82781,155501,28693,59408,6240
168,2020-08-07,784,1787,2977,916,782,117,132328,84568,158478,29609,60190,6357
169,2020-08-08,954,1857,3614,1056,805,117,133282,86425,162092,30665,60995,6474
170,2020-08-09,1031,1635,2928,899,815,131,134313,88060,165020,31564,61810,6605
171,2020-08-10,1823,2554,3794,1482,1025,145,136136,90614,168814,33046,62835,6750
172,2020-08-11,1464,1902,2804,1069,756,206,137600,92516,171618,34115,63591,6956
173,2020-08-12,1611,1946,2764,1107,886,135,139211,94462,174382,35222,64477,7091
174,2020-08-13,1279,2096,2252,1124,804,94,140490,96558,176634,36346,65281,7185
175,2020-08-14,1360,2156,2282,1192,796,183,141850,98714,178916,37538,66077,7368
176,2020-08-15,1041,1968,2299,1178,747,156,142891,100682,181215,38716,66824,7524
177,2020-08-16,1013,1999,2008,895,800,103,143904,102681,183223,39611,67624,7627
178,2020-08-17,904,1943,2231,1205,761,154,144808,104624,185454,40816,68385,7781
179,2020-08-18,1218,2459,2604,1129,924,230,146026,107083,188058,41945,69309,8011
180,2020-08-19,1295,2132,2800,1379,1074,128,147321,109215,190858,43324,70383,8139
181,2020-08-20,1565,2291,3374,1370,1401,153,148886,111506,194232,44694,71784,8292
182,2020-08-21,1390,2291,2446,1047,861,217,150276,113797,196678,45741,72645,8509
183,2020-08-22,1088,1700,1871,837,680,148,151364,115497,198549,46578,73325,8657
184,2020-08-23,854,1205,1721,1031,728,129,152218,116702,200270,47609,74053,8786
185,2020-08-24,1121,2007,1986,924,829,178,153339,118709,202256,48533,74882,8964
186,2020-08-25,1210,1925,2043,1011,792,149,154549,120634,204299,49544,75674,9113
187,2020-08-26,1502,2129,1931,948,730,189,156051,122763,206230,50492,76404,9302
188,2020-08-27,1251,2182,1816,921,747,273,157302,124945,208046,51413,77151,9575
189,2020-08-28,1037,1963,1924,968,669,180,158339,126908,209970,52381,77820,9755
190,2020-08-29,918,1704,1694,788,594,179,159257,128612,211664,53169,78414,9934
191,2020-08-30,541,1590,1628,918,750,182,159798,130202,213292,54087,79164,10116
192,2020-08-31,1176,2375,1994,925,1009,253,160974,132577,215286,55012,80173,10369
193,2020-09-01,1248,2437,2159,945,936,173,162222,135014,217445,55957,81109,10542
194,2020-09-02,857,2081,1595,737,851,107,163079,137095,219040,56694,81960,10649
195,2020-09-03,850,1915,1570,904,802,137,163929,139010,220610,57598,82762,10786
196,2020-09-04,895,2208,1517,842,663,130,164824,141218,222127,58440,83425,10916
197,2020-09-05,762,1860,1378,954,776,206,165586,143078,223505,59394,84201,11122
198,2020-09-06,586,2041,1271,757,691,118,166172,145119,224776,60151,84892,11240
199,2020-09-07,1303,2468,1618,994,813,152,167475,147587,226394,61145,85705,11392
200,2020-09-08,1125,2243,1633,887,809,202,168600,149830,228027,62032,86514,11594
201,2020-09-09,1014,2277,1603,824,927,138,169614,152107,229630,62856,87441,11732
202,2020-09-10,923,2248,1696,936,1001,166,170537,154355,231326,63792,88442,11898
203,2020-09-11,928,1926,1326,754,840,225,171465,156281,232652,64546,89282,12123
204,2020-09-12,789,1618,1305,768,654,185,172254,157899,233957,65314,89936,12308
205,2020-09-13,465,1491,1151,658,698,97,172719,159390,235108,65972,90634,12405
206,2020-09-14,1011,2228,1443,855,933,200,173730,161618,236551,66827,91567,12605
207,2020-09-15,795,2079,1489,793,869,203,174525,163697,238040,67620,92436,12808
208,2020-09-16,813,1774,1296,898,762,142,175338,165471,239336,68518,93198,12950
209,2020-09-17,905,2196,1238,847,746,137,176243,167667,240574,69365,93944,13087
210,2020-09-18,1012,2021,1371,807,795,214,177255,169688,241945,70172,94739,13301
211,2020-09-19,571,1871,1372,718,610,176,177826,171559,243317,70890,95349,13477
212,2020-09-20,488,2090,1414,814,750,150,178314,173649,244731,71704,96099,13627
213,2020-09-21,684,2011,1394,898,831,173,178998,175660,246125,72602,96930,13800
214,2020-09-22,761,2530,1256,826,868,165,179759,178190,247381,73428,97798,13965
215,2020-09-23,863,3069,1251,717,899,175,180622,181259,248632,74145,98697,14140
216,2020-09-24,932,3174,1111,790,883,222,181554,184433,249743,74935,99580,14362
217,2020-09-25,873,3106,1281,1048,910,201,182427,187539,251024,75983,100490,14563
218,2020-09-26,533,1812,1172,729,700,197,182960,189351,252196,76712,101190,14760
219,2020-09-27,409,1971,1118,762,700,133,183369,191322,253314,77474,101890,14893
220,2020-09-28,614,3504,1770,1222,1272,227,183983,194826,255084,78696,103162,15120
221,2020-09-29,910,3248,1511,1058,1084,205,184893,198074,256595,79754,104246,15325
222,2020-09-30,789,3595,1445,1097,1080,256,185682,201669,258040,80851,105326,15581
223,2020-10-01,702,4211,1797,1181,1193,236,186384,205880,259837,82032,106519,15817
224,2020-10-02,677,2783,1459,1044,873,206,187061,208663,261296,83076,107392,16023
225,2020-10-03,576,2690,1507,831,713,169,187637,211353,262803,83907,108105,16192
226,2020-10-04,407,2281,1190,663,699,108,188044,213634,263993,84570,108804,16300
227,2020-10-05,813,3270,1720,1033,926,199,188857,216904,265713,85603,109730,16499
228,2020-10-06,708,2819,1426,950,866,155,189565,219723,267139,86553,110596,16654
229,2020-10-07,627,2419,1343,843,825,231,190192,222142,268482,87396,111421,16885
230,2020-10-08,685,3093,1379,900,909,199,190877,225235,269861,88296,112330,17084
231,2020-10-09,570,3061,1424,998,732,161,191447,228296,271285,89294,113062,17245
232,2020-10-10,595,3186,1555,916,770,211,192042,231482,272840,90210,113832,17456
233,2020-10-11,366,3021,1230,956,783,132,192408,234503,274070,91166,114615,17588
234,2020-10-12,506,3132,1505,842,826,171,192914,237635,275575,92008,115441,17759
235,2020-10-13,766,3950,1667,1371,973,254,193680,241585,277242,93379,116414,18013
236,2020-10-14,788,3013,1593,1135,921,288,194468,244598,278835,94514,117335,18301
237,2020-10-15,982,5144,1839,1361,1263,229,195450,249742,280674,95875,118598,18530
238,2020-10-16,1065,4470,1616,1184,1242,175,196515,254212,282290,97059,119840,18705
239,2020-10-17,806,3531,1445,1033,879,181,197321,257743,283735,98092,120719,18886
240,2020-10-18,630,3282,1426,965,857,151,197951,261025,285161,99057,121576,19037
241,2020-10-19,754,4617,1755,1344,1291,264,198705,265642,286916,100401,122867,19301
242,2020-10-20,893,4048,1997,1855,1378,234,199598,269690,288913,102256,124245,19535
243,2020-10-21,763,4439,1610,1309,1181,200,200361,274129,290523,103565,125426,19735
244,2020-10-22,1419,3853,1677,1166,1420,182,201780,277982,292200,104731,126846,19917
245,2020-10-23,808,2888,2037,1000,1084,171,202588,280870,294237,105731,127930,20088
246,2020-10-24,625,2706,1973,951,761,167,203213,283576,296210,106682,128691,20255
247,2020-10-25,411,2788,1621,915,961,111,203624,286364,297831,107597,129652,20366
248,2020-10-26,776,3723,1955,1248,1261,183,204400,290087,299786,108845,130913,20549
249,2020-10-27,784,3458,1584,1109,1204,184,205184,293545,301370,109954,132117,20733
250,2020-10-28,788,3396,1707,1090,1134,177,205972,296941,303077,111044,133251,20910
251,2020-10-29,898,3084,1336,1079,1204,144,206870,300025,304413,112123,134455,21054
252,2020-10-30,776,2710,1426,950,952,130,207646,302735,305839,113073,135407,21184
253,2020-10-31,561,2574,1391,717,821,94,208207,305309,307230,113790,136228,21278
254,2020-11-01,490,2147,1640,921,914,158,208697,307456,308870,114711,137142,21436
255,2020-11-02,459,2256,1498,1015,879,119,209156,309712,310368,115726,138021,21555
256,2020-11-03,691,2459,1666,1030,932,180,209847,312171,312034,116756,138953,21735
257,2020-11-04,777,2781,1751,1021,1048,104,210624,314952,313785,117777,140001,21839
258,2020-11-05,1064,3081,2129,1044,1226,102,211688,318033,315914,118821,141227,21941
259,2020-11-06,1072,2904,1538,1081,979,304,212760,320937,317452,119902,142206,22245
260,2020-11-07,695,2084,1347,874,723,102,213455,323021,318799,120776,142929,22347
261,2020-11-08,441,2005,1346,886,820,88,213896,325026,320145,121662,143749,22435
262,2020-11-09,796,2769,1665,1145,1065,189,214692,327795,321810,122807,144814,22624
263,2020-11-10,935,2833,1705,1108,1132,139,215627,330628,323515,123915,145946,22763
264,2020-11-11,956,2452,1516,1144,936,172,216583,333080,325031,125059,146882,22935
265,2020-11-12,1011,2499,1492,1152,955,95,217594,335579,326523,126211,147837,23030
266,2020-11-13,1016,2761,1474,1059,1063,235,218610,338340,327997,127270,148900,23265
267,2020-11-14,671,2232,1452,933,863,94,219281,340572,329449,128203,149763,23359
268,2020-11-15,564,1639,1569,863,897,82,219845,342211,331018,129066,150660,23441
269,2020-11-16,809,1959,1648,1038,1036,85,220654,344170,332666,130104,151696,23526
270,2020-11-17,1017,2310,1875,1008,1151,149,221671,346480,334541,131112,152847,23675
271,2020-11-18,1067,2218,1781,1107,1083,110,222738,348698,336322,132219,153930,23785
272,2020-11-19,1226,2242,2051,1095,1170,108,223964,350940,338373,133314,155100,23893
273,2020-11-20,1184,2521,2317,1188,1247,152,225148,353461,340690,134502,156347,24045
274,2020-11-21,867,1850,1774,888,1015,120,226015,355311,342464,135390,157362,24165
275,2020-11-22,628,1687,1799,788,1004,69,226643,356998,344263,136178,158366,24234
276,2020-11-23,1144,2632,2052,1087,1143,116,227787,359630,346315,137265,159509,24350
277,2020-11-24,1173,2430,2001,938,1208,141,228960,362060,348316,138203,160717,24491
278,2020-11-25,1332,2410,2076,1043,1121,115,230292,364470,350392,139246,161838,24606
279,2020-11-26,1225,2602,2053,1243,1300,107,231517,367072,352445,140489,163138,24713
280,2020-11-27,1121,2446,1915,1008,1101,102,232638,369518,354360,141497,164239,24815
281,2020-11-28,1401,2486,1812,1138,1060,69,234039,372004,356172,142635,165299,24884
282,2020-11-29,1040,2232,1676,955,933,89,235079,374236,357848,143590,166232,24973
283,2020-11-30,1542,2954,2263,1489,1288,123,236621,377190,360111,145079,167520,25096
284,2020-12-01,1563,2829,2571,1373,1270,99,238184,380019,362682,146452,168790,25195
285,2020-12-02,1572,2430,2149,1457,1246,128,239756,382449,364831,147909,170036,25323
286,2020-12-03,1813,2537,2095,1273,1233,60,241569,384986,366926,149182,171269,25383
287,2020-12-04,1746,2609,2107,1284,1292,97,243315,387595,369033,150466,172561,25480
288,2020-12-05,1321,2850,2185,1119,1075,104,244636,390445,371218,151585,173636,25584
289,2020-12-06,1227,2741,2278,1128,1222,95,245863,393186,373496,152713,174858,25679
290,2020-12-07,1848,4012,2903,1542,1595,132,247711,397198,376399,154255,176453,25811
291,2020-12-08,1538,3293,2573,1145,1217,103,249249,400491,378972,155400,177670,25914
292,2020-12-09,1979,3453,3153,1538,1370,185,251228,403944,382125,156938,179040,26099
293,2020-12-10,1885,4340,3350,1488,1678,142,253113,408284,385475,158426,180718,26241
294,2020-12-11,1351,3541,2990,1138,1491,95,254464,411825,388465,159564,182209,26336
295,2020-12-12,1274,3355,3176,1131,1550,90,255738,415180,391641,160695,183759,26426
296,2020-12-13,1054,3059,2854,992,1425,95,256792,418239,394495,161687,185184,26521
297,2020-12-14,1580,4089,3723,1831,1800,157,258372,422328,398218,163518,186984,26678
298,2020-12-15,1754,3675,3787,1653,1870,141,260126,426003,402005,165171,188854,26819
299,2020-12-16,1820,4096,3659,1622,2142,168,261946,430099,405664,166793,190996,26987
300,2020-12-17,1292,3479,3007,1194,1649,146,263238,433578,408671,167987,192645,27133
301,2020-12-18,1155,3333,3760,1380,1655,164,264393,436911,412431,169367,194300,27297
302,2020-12-19,1118,3680,3412,1400,1442,181,265511,440591,415843,170767,195742,27478
303,2020-12-20,1139,3290,4183,1352,1462,183,266650,443881,420026,172119,197204,27661
304,2020-12-21,1569,3589,4004,1847,1758,146,268219,447470,424030,173966,198962,27807
305,2020-12-22,1690,3413,3966,1701,1699,168,269909,450883,427996,175667,200661,27975
306,2020-12-23,1924,3913,4306,1562,1670,162,271833,454796,432302,177229,202331,28137
307,2020-12-24,1721,5395,4245,1273,1751,121,273554,460191,436547,178502,204082,28258
308,2020-12-25,1317,4582,3413,1157,1223,90,274871,464773,439960,179659,205305,28348
309,2020-12-26,1349,4368,4143,1102,1256,115,276220,469141,444103,180761,206561,28463
310,2020-12-27,960,2938,3714,876,1244,90,277180,472079,447817,181637,207805,28553
311,2020-12-28,1557,2309,5332,1558,1800,158,278737,474388,453149,183195,209605,28711
312,2020-12-29,1562,3635,4640,1345,2019,185,280299,478023,457789,184540,211624,28896
313,2020-12-30,1727,3152,4856,1519,2729,202,282026,481175,462645,186059,214353,29098
314,2020-12-31,1635,5811,4627,1426,2270,172,283661,486986,467272,187485,216623,29270
315,2021-01-01,1624,5866,4780,1451,2049,167,285285,492852,472052,188936,218672,29437
316,2021-01-02,1652,5464,4550,1376,1853,159,286937,498316,476602,190312,220525,29596
317,2021-01-03,1993,5437,4590,1493,2246,237,288930,503753,481192,191805,222771,29833
318,2021-01-04,2620,5156,6639,2334,2884,261,291550,508909,487831,194139,225655,30094
319,2021-01-05,2264,4684,5815,1992,2672,256,293814,513593,493646,196131,228327,30350
320,2021-01-06,2383,4383,4861,1507,2579,215,296197,517976,498507,197638,230906,30565
321,2021-01-07,1804,4043,4593,1652,2520,222,298001,522019,503100,199290,233426,30787
322,2021-01-08,2087,5871,4688,1776,2716,232,300088,527890,507788,201066,236142,31019
323,2021-01-09,2045,5111,5194,1703,2310,231,302133,533001,512982,202769,238452,31250
324,2021-01-10,1651,4138,5313,1424,2338,218,303784,537139,518295,204193,240790,31468
325,2021-01-11,1291,3245,4739,1006,1957,224,305075,540384,523034,205199,242747,31692
326,2021-01-12,1794,4406,5149,1700,2301,305,306869,544790,528183,206899,245048,31997
327,2021-01-13,1512,2938,4663,1140,1838,183,308381,547728,532846,208039,246886,32180
328,2021-01-14,1358,3045,4941,1029,2028,144,309739,550773,537787,209068,248914,32324
329,2021-01-15,1368,3140,4027,1090,1763,219,311107,553913,541814,210158,250677,32543
330,2021-01-16,1016,2816,2818,888,1391,171,312123,556729,544632,211046,252068,32714
331,2021-01-17,851,2374,2051,637,1470,81,312974,559103,546683,211683,253538,32795
332,2021-01-18,1259,2610,2930,1177,1855,246,314233,561713,549613,212860,255393,33041
333,2021-01-19,1346,2549,2346,1212,1637,197,315579,564262,551959,214072,257030,33238
334,2021-01-20,1018,1990,2225,1113,1514,188,316597,566252,554184,215185,258544,33426
335,2021-01-21,991,1938,1817,832,1262,137,317588,568190,556001,216017,259806,33563
336,2021-01-22,1062,2159,1935,813,1213,151,318650,570349,557936,216830,261019,33714
337,2021-01-23,834,1896,1510,663,1092,99,319484,572245,559446,217493,262111,33813
338,2021-01-24,586,1472,1457,499,960,87,320070,573717,560903,217992,263071,33900
339,2021-01-25,931,1692,1943,751,1253,150,321001,575409,562846,218743,264324,34050
340,2021-01-26,876,1474,1745,710,1146,144,321877,576883,564591,219453,265470,34194
341,2021-01-27,975,1142,1560,645,1158,143,322852,578025,566151,220098,266628,34337
342,2021-01-28,848,1324,1432,746,1004,114,323700,579349,567583,220844,267632,34451
343,2021-01-29,900,1291,1223,599,832,128,324600,580640,568806,221443,268464,34579
344,2021-01-30,668,1047,1181,469,604,86,325268,581687,569987,221912,269068,34665
345,2021-01-31,505,965,928,361,586,92,325773,582652,570915,222273,269654,34757
346,2021-02-01,662,1165,1711,532,839,118,326435,583817,572626,222805,270493,34875
347,2021-02-02,655,1041,1434,498,718,168,327090,584858,574060,223303,271211,35043
348,2021-02-03,608,728,1156,456,697,71,327698,585586,575216,223759,271908,35114
349,2021-02-04,755,967,1075,427,650,55,328453,586553,576291,224186,272558,35169
350,2021-02-05,794,1037,1048,428,525,103,329247,587590,577339,224614,273083,35272
351,2021-02-06,592,825,980,300,403,88,329839,588415,578319,224914,273486,35360
352,2021-02-07,503,717,803,242,398,49,330342,589132,579122,225156,273884,35409
353,2021-02-08,695,872,985,444,552,97,331037,590004,580107,225600,274436,35506
354,2021-02-09,631,753,807,375,512,116,331668,590757,580914,225975,274948,35622
355,2021-02-10,770,709,861,367,533,121,332438,591466,581775,226342,275481,35743
356,2021-02-11,711,771,842,420,539,82,333149,592237,582617,226762,276020,35825
357,2021-02-12,717,879,829,441,359,83,333866,593116,583446,227203,276379,35908
358,2021-02-13,619,797,732,297,280,85,334485,593913,584178,227500,276659,35993
359,2021-02-14,508,736,701,250,271,86,334993,594649,584879,227750,276930,36079
360,2021-02-15,861,901,913,372,442,120,335854,595550,585792,228122,277372,36199
361,2021-02-16,1048,740,733,333,469,91,336902,596290,586525,228455,277841,36290
362,2021-02-17,1068,694,826,291,373,83,337970,596984,587351,228746,278214,36373
363,2021-02-18,1340,759,713,365,510,114,339310,597743,588064,229111,278724,36487
364,2021-02-19,1179,908,645,341,419,79,340489,598651,588709,229452,279143,36566
365,2021-02-20,859,756,686,302,330,99,341348,599407,589395,229754,279473,36665
366,2021-02-21,677,678,458,165,347,28,342025,600085,589853,229919,279820,36693
367,2021-02-22,1072,838,671,320,439,134,343097,600923,590524,230239,280259,36827
368,2021-02-23,1238,832,652,274,453,60,344335,601755,591176,230513,280712,36887
369,2021-02-24,1268,629,557,259,320,122,345603,602384,591733,230772,281032,37009
370,2021-02-25,1126,800,502,323,453,72,346729,603184,592235,231095,281485,37081
371,2021-02-26,1239,853,538,186,420,70,347968,604037,592773,231281,281905,37151
372,2021-02-27,996,750,477,207,465,37,348964,604787,593250,231488,282370,37188
373,2021-02-28,844,713,499,184,330,59,349808,605500,593749,231672,282700,37247
374,2021-03-01,1237,834,719,255,461,61,351045,606334,594468,231927,283161,37308
375,2021-03-02,1285,806,575,171,525,74,352330,607140,595043,232098,283686,37382
376,2021-03-03,1526,810,523,180,388,45,353856,607950,595566,232278,284074,37427
377,2021-03-04,1802,952,516,201,428,34,355658,608902,596082,232479,284502,37461
378,2021-03-05,1991,1095,589,248,452,47,357649,609997,596671,232727,284954,37508
379,2021-03-06,1583,940,498,208,363,48,359232,610937,597169,232935,285317,37556
380,2021-03-07,1286,852,428,125,385,36,360518,611789,597597,233060,285702,37592
381,2021-03-08,1699,1222,616,233,523,40,362217,613011,598213,233293,286225,37632
382,2021-03-09,2049,1255,636,252,579,59,364266,614266,598849,233545,286804,37691
383,2021-03-10,2213,1028,627,233,492,58,366479,615294,599476,233778,287296,37749
384,2021-03-11,3136,1543,694,347,535,114,369615,616837,600170,234125,287831,37863
385,2021-03-12,2574,1590,716,304,537,104,372189,618427,600886,234429,288368,37967
386,2021-03-13,2202,1541,702,255,451,67,374391,619968,601588,234684,288819,38034
387,2021-03-14,2515,1567,653,248,512,32,376906,621535,602241,234932,289331,38066
388,2021-03-15,3385,2232,873,330,714,58,380291,623767,603114,235262,290045,38124
389,2021-03-16,3185,1933,757,267,592,67,383476,625700,603871,235529,290637,38191
390,2021-03-17,4252,1486,782,188,537,49,387728,627186,604653,235717,291174,38240
391,2021-03-18,2915,1216,852,199,594,32,390643,628402,605505,235916,291768,38272
392,2021-03-19,2851,2038,718,203,635,16,393494,630440,606223,236119,292403,38288
393,2021-03-20,2615,2359,735,213,637,54,396109,632799,606958,236332,293040,38342
